080401.05.050 40.09000 -122.87000 34.9
080405.11.042 40.10000 -122.88000 33.4
080408.08.007 40.38000 -122.43000 45.4
080408.15.023 40.38000 -122.43000 45.4
080408.08.029 40.31000 -122.52000 44.2
080408.16.026 40.31000 -122.52000 44.2
080410.01.050 40.48000 -122.80000 39.7
080410.09.032 40.60000 -122.53000 44.3
080410.12.039 40.60000 -122.53000 44.3
080410.12.040 40.60000 -122.53000 44.3
080411.04.013 40.60000 -122.53000 44.3
080411.04.023 40.60000 -122.53000 44.3
080410.13.055 40.65000 -122.53000 37.0
080412.03.029 40.75000 -122.75000 39.8
080412.11.038 40.92000 -122.77000 36.9
080412.22.047 40.90000 -122.82000 35.9
080413.13.026 40.90000 -122.82000 35.9
080412.22.040 40.90000 -122.82000 35.9
080413.07.015 41.10000 -122.85000 38.9
080413.07.023 40.97000 -122.77000 35.6
080413.16.058 40.67000 -122.88000 37.1
080413.18.013 40.69000 -123.02000 32.9
080413.20.036 40.69000 -123.02000 32.9
080414.12.016 40.69000 -123.02000 32.9
080414.12.020 40.69000 -123.02000 32.9
080414.10.058 40.73000 -122.85000 31.3
080414.18.003 40.45000 -122.80000 34.4
080415.11.006 41.02000 -122.84000 42.2
080415.11.008 41.02000 -122.84000 42.2
080415.24.028 41.02000 -122.84000 42.2
080416.15.003 41.02000 -122.84000 42.2
080418.03.001 41.02000 -122.84000 42.2
080415.19.030 41.06000 -122.85000 38.7
080419.24.054 41.06000 -122.85000 38.7
080416.13.033 41.12000 -122.85000 46.8
080417.15.043 40.92000 -122.85000 37.1
080418.02.049 41.00000 -122.88000 38.5
080419.04.046 41.20000 -123.03000 37.1
080420.01.019 41.25000 -123.03000 38.2
080420.04.009 41.25000 -123.03000 38.2
080420.05.032 41.05000 -122.80000 36.7
080420.08.042 41.05000 -123.17000 27.9
080421.14.048 41.35000 -123.15000 38.4
080421.15.050 41.35000 -123.15000 38.4
080421.16.053 41.35000 -123.15000 38.4
080421.16.054 41.35000 -123.15000 38.4
080421.17.056 41.35000 -123.15000 38.4
080421.23.033 41.35000 -123.15000 38.4
080422.13.003 41.35000 -123.15000 38.4
080422.12.039 41.32000 -123.13000 35.9
080422.13.043 41.40000 -123.12000 39.6
080422.15.030 41.40000 -123.12000 39.6
080424.04.058 41.40000 -123.12000 39.6
080424.05.060 41.45000 -123.13000 34.7
080426.05.008 41.57000 -123.37000 30.5
080426.06.027 41.57000 -123.37000 30.5
080426.20.030 41.52000 -123.28000 34.0
080427.04.052 41.65000 -123.40000 32.1
080427.13.036 41.65000 -123.40000 32.1
080427.20.043 41.62000 -123.47000 27.8
080429.15.005 41.72000 -123.30000 34.3
080326.07.004 39.56000 -123.33000 21.1
080326.07.048 39.50000 -123.35000 15.0
080326.08.015 39.50000 -123.35000 15.0
080326.09.007 39.50000 -123.35000 15.0
080328.09.029 39.45000 -123.10000 16.0